# Created by Octave 4.4.1, Tue Oct 08 12:14:51 2019 GMT <unknown@LX1C>
# name: v
# type: matrix
# rows: 15
# columns: 1
 3999
 3299
 3690
 2320
 5399
 2999
 3149
 1989
 2120
 2425
 9150
 6375
 2112
 3456
 1031
